<?xml version="1.0" encoding="UTF-8" standalone="no"?>
<svg
   xmlns:dc="http://purl.org/dc/elements/1.1/"
   xmlns:cc="http://creativecommons.org/ns#"
   xmlns:rdf="http://www.w3.org/1999/02/22-rdf-syntax-ns#"
   xmlns:svg="http://www.w3.org/2000/svg"
   xmlns="http://www.w3.org/2000/svg"
   xmlns:sodipodi="http://sodipodi.sourceforge.net/DTD/sodipodi-0.dtd"
   xmlns:inkscape="http://www.inkscape.org/namespaces/inkscape"
   version="1.1"
   width="185.00087"
   height="52.073002"
   viewBox="0 0 185.00592 52.073"
   xml:space="preserve"
   id="svg3059"
   inkscape:version="0.48.4 r9939"
   sodipodi:docname="ucl-logo.svg"><sodipodi:namedview
     pagecolor="#ffffff"
     bordercolor="#666666"
     borderopacity="1"
     objecttolerance="10"
     gridtolerance="10"
     guidetolerance="10"
     inkscape:pageopacity="0"
     inkscape:pageshadow="2"
     inkscape:window-width="1279"
     inkscape:window-height="768"
     id="namedview3131"
     showgrid="false"
     fit-margin-top="0"
     fit-margin-left="0"
     fit-margin-right="0"
     fit-margin-bottom="0"
     inkscape:zoom="1.0793467"
     inkscape:cx="45.211293"
     inkscape:cy="-33.372725"
     inkscape:window-x="0"
     inkscape:window-y="0"
     inkscape:window-maximized="0"
     inkscape:current-layer="svg3059" /><metadata
     id="metadata3061"><rdf:RDF><cc:Work
         rdf:about=""><dc:format>image/svg+xml</dc:format><dc:type
           rdf:resource="http://purl.org/dc/dcmitype/StillImage" /><dc:title></dc:title></cc:Work></rdf:RDF></metadata><defs
     id="defs3063"><clipPath
       clipPathUnits="userSpaceOnUse"
       id="clipPath3139"><rect
         style="fill:#0000ff;fill-rule:evenodd;stroke:#000000;stroke-width:1.00002718px;stroke-linecap:butt;stroke-linejoin:miter;stroke-opacity:1"
         id="rect3141"
         width="250.15811"
         height="71.341385"
         x="1206.318"
         y="60.686909" /></clipPath><clipPath
       clipPathUnits="userSpaceOnUse"
       id="clipPath3143"><rect
         style="fill:#0000ff;fill-rule:evenodd;stroke:#000000;stroke-width:1.00002718px;stroke-linecap:butt;stroke-linejoin:miter;stroke-opacity:1"
         id="rect3145"
         width="250.15811"
         height="71.341385"
         x="1206.318"
         y="60.686909" /></clipPath></defs><g
     id="g3065"
     clip-path="url(#clipPath3143)"
     transform="matrix(0.73955595,0,0,0.73955595,-892.13965,-44.882326)"><path
       d="m 0,0 v 131.1 h 1261.3 c -0.9,-0.6 -1.6,-1.2 -2.4,-1.9 -6.3,-6.1 -6.4,-13.2 -6.6,-19.8 V 71.7 h 20.2 v 39.6 c 0,2.7 0.1,5.5 2.3,7.6 1.6,1.7 4.1,2.3 6.4,2.3 3.2,0 5.2,-1.2 6.4,-2.2 2.3,-2.2 2.4,-5 2.4,-7.7 V 71.7 h 20.3 v 33.7 c 0,7.3 0,16.7 -7.5,23.8 -0.7,0.7 -1.5,1.3 -2.4,1.9 h 30.2 c -8.9,-6.4 -13.1,-17.1 -13.1,-27.4 0,-17 11.4,-34.4 33,-34.4 9.6,0 18.8,3.4 25.5,10.2 2.7,2.8 4,4.9 5.3,7.4 l -16.9,8.3 c -1.6,-3.8 -4.7,-10.5 -13.2,-10.5 -4.4,0 -7.2,2.1 -8.6,3.4 -4.8,4.6 -4.8,11.8 -4.8,14.3 0,9.4 3.5,18.3 13.4,18.3 9.4,0 12.2,-8.3 12.9,-10.4 l 17.1,8.3 c -1.6,3 -3.2,5.9 -6.2,9 -1.3,1.3 -2.7,2.4 -4.2,3.4 h 18.5 V 71.6 h 20.1 v 46.8 h 26.1 v 12.7 h 34.3 V 0 H 0 z"
       inkscape:connector-curvature="0"
       id="path3067" /></g><g
     style="display:none"
     id="g3069"
     transform="translate(-33.502569,-8.7074444)"><g
       style="display:inline"
       id="g3071"><path
         d="M 955.5,45.2 V 43.4 H 955 c 0,-4.9 -4.4,-5.9 -4.4,-5.9 l 0,-0.9 -0.5,-0.8 0,-1.7 -0.6,-0.8 c 0,0 0,-0.4 0,-0.4 0,0 0,-0.1 0,-0.3 h -0.4 c 0,0.1 0,0.3 0,0.3 0,0 0,0.4 0,0.4 l -0.6,0.8 0,1.7 -0.5,0.8 0,0.9 c 0,0 -4.4,0.9 -4.4,5.9 h -0.5 v 1.8 l 6.2,-1.2 6.2,1.2 z"
         inkscape:connector-curvature="0"
         style="fill:none"
         id="path3073" /><path
         d="m 961.4,60.2 v -1.8 h -2.1 v -8.8 h 1.5 l 0.3,-1.6 0,-0.4 -11.8,-2.5 -11.8,2.5 0,0.4 0.3,1.6 h 1.3 v 8.7 h -2.4 l 0,1.8 h -1 l 0,1.9 h 26.8 v -1.9 h -1.2 z m -16.5,-1.8 h -2.8 v -8.8 h 2.8 v 8.7 z m 5.7,0 h -2.8 v -8.8 h 2.8 v 8.7 z m 5.8,0 h -2.9 v -8.8 h 2.9 v 8.7 z"
         inkscape:connector-curvature="0"
         style="fill:none"
         id="path3075" /></g></g><g
     style="display:none"
     id="g3077"
     transform="translate(-33.502569,-8.7074444)"><g
       style="display:inline"
       id="g3079"><line
         x1="944.40002"
         y1="43.200001"
         x2="944.40002"
         y2="43.099998"
         style="fill:#ffffff;stroke:#000000;stroke-width:0.0747;stroke-linecap:round;stroke-linejoin:round"
         id="line3081" /><polyline
         points="962.3,48.2 949.8,48.2 937.2,48.2"
         style="fill:#ffffff;stroke:#000000;stroke-width:0.0747;stroke-linecap:round;stroke-linejoin:round"
         id="polyline3083" /><path
         d="M 955.5,44.2"
         inkscape:connector-curvature="0"
         style="fill:#ffffff;stroke:#000000;stroke-width:0.0747;stroke-linecap:round;stroke-linejoin:round"
         id="path3085" /><path
         d="m 955.5,43.9 v -0.2 c 0,0 0,-0.1 0,-0.1 0,0 0,0 0,0 0,0 0,0 0,0 0,0 -0.1,0 -0.1,0 0,0 -0.1,0 -0.2,0 v -0.2 c 0,0 0,-0.1 0,-0.1 0,0 0,0 0,0 0,0 0,0 0,0 0,0 0,0 0,0 0,0 -0.1,0 -0.1,0 v -0.1 c 0,0 0,-0.1 0,-0.1 0,0 0,0 0,0 0,0 0,0 0,0 0,0 0,0 -0.1,0 0,0 0,0 -0.1,0 0,-0.6 0,-1.1 -0.1,-1.4 -0.1,-0.3 -0.1,-0.6 -0.2,-0.9 -0.1,-0.3 -0.2,-0.5 -0.3,-0.7 -0.1,-0.2 -0.3,-0.4 -0.4,-0.7 -0.2,-0.2 -0.4,-0.4 -0.5,-0.6 -0.1,-0.1 -0.3,-0.3 -0.5,-0.5 -0.2,-0.1 -0.3,-0.2 -0.4,-0.3 -0.1,0 -0.1,-0.1 0,-0.2 0,-0.1 0,-0.1 -0.1,-0.1 -0.1,0 -0.2,0 -0.2,-0.1 -0.1,0 -0.1,-0.1 -0.3,-0.2 -0.1,-0.1 -0.2,-0.1 -0.2,-0.2 0,-0.1 0,-0.1 -0.1,-0.1 -0.1,0 -0.1,0 -0.2,0 -0.1,0 -0.2,-0.1 -0.3,-0.2 -0.1,-0.1 -0.1,-0.2 -0.1,-0.3 0,-0.1 0,-0.2 0,-0.3 0,-0.1 0.1,-0.1 0.1,-0.1 0,0 0,0 0,-0.1 0,0 -0.1,-0.1 -0.2,-0.2 -0.1,-0.1 -0.2,-0.1 -0.2,-0.1 0,0 0,-0.1 0,-0.1 0,-0.1 0,-0.1 -0.1,-0.1 v -0.3 -1.1 c 0,-0.1 0,-0.1 0,-0.1 0,0 0,0 0,-0.1 0,0 0,0 0.1,0 0,0 0,0 0,0 0,0 0,-0.1 0,-0.1 0,-0.1 0,-0.1 0.1,-0.1 0,0 0.1,-0.1 0.1,-0.1 0,-0.1 0,-0.1 0,-0.1 0,0 -0.1,0 -0.1,0 0,0 -0.1,0 -0.1,0 0,0 -0.1,-0.1 -0.1,-0.1 0,-0.1 -0.1,-0.1 -0.1,-0.2 0,0 0,-0.1 0,-0.1 0,0 -0.1,0 -0.1,0 0,0 -0.1,-0.1 -0.1,-0.1 -0.1,-0.1 -0.1,-0.2 -0.1,-0.2 0,0 0,-0.1 -0.1,-0.1 -0.1,0 -0.1,-0.3 -0.1,-0.3 0,0 -0.1,0.2 -0.1,0.3 -0.1,0 -0.1,0.1 -0.1,0.1 0,0 0,0.1 -0.1,0.2 -0.1,0.1 -0.1,0.1 -0.1,0.1 0,0 -0.1,0 -0.1,0 0,0 0,0 0,0.1 0,0 0,0.1 -0.1,0.2 0,0.1 -0.1,0.1 -0.1,0.1 0,0 -0.1,0 -0.1,0 0,0 -0.1,0 -0.1,0 0,0 0,0 0,0.1 0,0.1 0,0.1 0.1,0.1 0,0 0.1,0.1 0.1,0.1 0,0 0,0.1 0,0.1 0,0 0,0 0,0 0,0 0.1,0 0.1,0 0,0 0,0.1 0,0.1 0,0 0,0.1 0,0.1 v 1.4 c 0,0 -0.1,0.1 -0.1,0.1 0,0.1 0,0.1 0,0.1 0,0 -0.1,0.1 -0.2,0.1 -0.1,0.1 -0.2,0.1 -0.2,0.2 0,0 0,0.1 0,0.1 0,0 0.1,0 0.1,0.1 0,0.1 0,0.1 0,0.3 0,0.1 -0.1,0.2 -0.1,0.3 -0.1,0.1 -0.2,0.1 -0.3,0.2 -0.1,0 -0.2,0 -0.2,0 -0.1,0 -0.1,0 -0.1,0.1 0,0.1 -0.1,0.1 -0.2,0.2 -0.1,0.1 -0.2,0.1 -0.3,0.2 -0.1,0 -0.1,0.1 -0.2,0.1 -0.1,0 -0.1,0 -0.1,0.1 0,0.1 0,0.1 0,0.2 -0.1,0 -0.2,0.1 -0.4,0.3 -0.2,0.2 -0.3,0.3 -0.5,0.5 -0.1,0.1 -0.3,0.3 -0.5,0.6 -0.2,0.2 -0.3,0.5 -0.5,0.7 -0.1,0.2 -0.2,0.4 -0.3,0.7 -0.1,0.3 -0.2,0.6 -0.2,0.9 -0.1,0.3 -0.1,1.4 -0.1,1.4 -0.1,0 -0.1,0 -0.1,0 0,0 0,0 0,0 0,0 0,0 0,0 0,0 0,0 0,0 0,0 0,0 0,0.1 v 0.1 c -0.1,0 -0.1,0 -0.1,0 0,0 0,0 0,0 0,0 0,0 0,0 0,0 0,0 0,0 0,0 0,0 0,0.1 v 0.2 c -0.1,0 -0.1,0 -0.2,0 0,0 0,0 -0.1,0 0,0 0,0 0,0 0,0 0,0 0,0 0,0 0,0 0,0.1 v 0.2 h -0.3 c 0,0 0,0 0,0 0,0 0,0 0.1,0 0,0 0.1,0 0.1,0 0,0 0,0 0,0.1 0,0 0,0 0,0 0,0 0,0 0,0 0,0 0,0 0,0 0,0 0,0 0,0 0,0 0,0 0.1,0 0,0 0.1,0 0.1,0.1 0,0 0,0.1 0,0.1 0,0 0,0 0,0 0,0 0,0 0,0 0,0 0,0 0,0 0,0 0,0 0.1,0 V 45 c 0,0 -0.1,0 -0.1,0 0,0 0,0 0,0 0,0 0,0 0,0 0,0 0,0 0,0 0,0 0,0.1 0,0.1 0,0 -0.1,0.1 -0.1,0.1 v 1.2 l 11.8,-0.1 v -1.1 c -0.1,0 -0.1,0 -0.1,-0.1 0,0 0,-0.1 0,-0.1 0,0 0,0 0,0 0,0 0,0 0,0 0,0 0,0 0,0 0,0 -0.1,0 -0.1,0 v -0.8 c 0,0 0,0 0,0 0,0 0.1,0 0.1,0 0,0 0,0 0,0 0,0 0,0 0,0 0,0 0,0 0,0 0,0 0,-0.1 0,-0.1 0,0 0.1,-0.1 0.1,-0.1 0,0 0.1,0 0.1,0 0,0 0,0 0,0 0,0 0,0 0,0 0,0 0,0 0,0 0,0 0,0 0,0 0,0 0,0 0,-0.1 0,0 0,0 0.1,0 0,0 0.1,0 0.1,0 0,0 0,0 0,0 h -0.3 z"
         inkscape:connector-curvature="0"
         style="fill:#ffffff"
         id="path3087" /><path
         d="m 953.1,59.2 c -0.1,0 -0.1,0 -0.1,0 0,0 0,0 0,-0.1 0,0 0,0 -0.1,-0.1 -0.1,0 -0.1,-0.1 -0.1,-0.1 v -1.3 -2.8 l -0.1,-3.4 c 0.1,0 0.1,-0.1 0.1,-0.1 0,0 -0.1,0 -0.1,-0.1 0,0 0,-0.1 0,-0.1 0,0 0.1,-0.1 0.1,-0.1 0,0 0,0 0,0 0,0 -0.1,0 -0.1,0 -0.1,0 0,-0.1 0.1,-0.1 0.1,-0.1 0.2,-0.1 0.3,-0.1 0.1,0 0.1,0 0,0 0,0 0,-0.1 0,-0.1 0,0 0.1,-0.1 0,-0.1 0,0 0,-0.1 -0.1,-0.1 0,0 0,-0.1 0,-0.1 0.1,0 0.1,0 0.2,-0.1 h -2.6 c 0.1,0.1 0.1,0.1 0.2,0.1 0.1,0 0.1,0 0,0.1 0,0 -0.1,0.1 -0.1,0.1 0,0 0,0.1 0,0.1 0,0 0,0.1 0,0.1 0,0 0,0 0,0 0.1,0 0.1,0 0.3,0.1 0.1,0.1 0.2,0.1 0.1,0.1 -0.1,0 -0.1,0 -0.1,0 0,0 0,0 0,0 0,0 0.1,0 0.1,0.1 0,0 0,0.1 0,0.1 0,0 0,0.1 -0.1,0.1 0,0 0,0.1 0.1,0.1 l -0.1,3.4 v 2.9 1.3 c 0,0.1 -0.1,0.1 -0.1,0.1 -0.1,0 -0.1,0 -0.1,0.1 0,0 0,0 0,0.1 0,0 -0.1,0 -0.1,0 -0.1,0 -0.1,0.1 -0.1,0.1 h 2.5 c 0,-0.1 0,-0.1 -0.1,-0.1 z"
         inkscape:connector-curvature="0"
         style="fill:#ffffff"
         id="path3089" /><path
         d="m 957.5,59.2 c -0.1,0 -0.1,0 -0.1,0 0,0 0,0 0,-0.1 0,0 0,0 -0.1,-0.1 -0.1,0 -0.1,-0.1 -0.1,-0.1 v -1.3 -2.8 l -0.1,-3.4 c 0.1,0 0.1,-0.1 0.1,-0.1 0,0 -0.1,0 -0.1,-0.1 0,0 0,-0.1 0,-0.1 0,0 0.1,-0.1 0.1,-0.1 0,0 0,0 0,0 0,0 -0.1,0 -0.1,0 -0.1,0 0,-0.1 0.1,-0.1 0.1,-0.1 0.2,-0.1 0.3,-0.1 0.1,0 0.1,0 0,0 0,0 0,-0.1 0,-0.1 0,0 0.1,-0.1 0,-0.1 0,0 0,-0.1 -0.1,-0.1 0,0 0,-0.1 0,-0.1 0.1,0 0.1,0 0.2,-0.1 h -2.5 c 0.1,0.1 0.1,0.1 0.2,0.1 0.1,0 0.1,0 0.1,0.1 0,0 -0.1,0.1 -0.1,0.1 0,0 0,0.1 0,0.1 0,0 0,0.1 0,0.1 0,0 0,0 0,0 0.1,0 0.1,0 0.3,0.1 0.1,0.1 0.2,0.1 0.1,0.1 -0.1,0 -0.1,0 -0.1,0 0,0 0,0 0,0 0,0 0.1,0 0.1,0.1 0,0 0,0.1 0,0.1 0,0 0,0.1 -0.1,0.1 0,0 0,0.1 0.1,0.1 l -0.1,3.4 v 2.9 1.3 c 0,0.1 -0.1,0.1 -0.1,0.1 -0.1,0 -0.1,0 -0.1,0.1 0,0 0,0 0,0.1 0,0 -0.1,0 -0.1,0 -0.1,0 -0.1,0.1 -0.1,0.1 h 2.5 c 0,-0.1 0,-0.1 -0.1,-0.1 z"
         inkscape:connector-curvature="0"
         style="fill:#ffffff"
         id="path3091" /><path
         d="m 948.7,59.2 c -0.1,0 -0.1,0 -0.1,0 0,0 0,0 0,-0.1 0,0 0,0 -0.1,-0.1 -0.1,0 -0.1,-0.1 -0.1,-0.1 v -1.3 -2.8 l -0.1,-3.4 c 0.1,0 0.1,-0.1 0.1,-0.1 0,0 -0.1,0 -0.1,-0.1 0,0 0,-0.1 0,-0.1 0,0 0.1,-0.1 0.1,-0.1 0,0 0,0 0,0 0,0 -0.1,0 -0.1,0 -0.1,0 0,-0.1 0.1,-0.1 0.1,-0.1 0.2,-0.1 0.3,-0.1 0.1,0 0.1,0 0,0 0,0 0,-0.1 0,-0.1 0,0 0.1,-0.1 0,-0.1 0,0 0,-0.1 -0.1,-0.1 0,0 0,-0.1 0,-0.1 0.1,0 0.1,0 0.2,-0.1 h -2.6 c 0.1,0.1 0.1,0.1 0.2,0.1 0.1,0 0.1,0 0,0.1 0,0 -0.1,0.1 -0.1,0.1 0,0 0,0.1 0,0.1 0,0 0,0.1 0,0.1 0,0 0,0 0,0 0.1,0 0.1,0 0.3,0.1 0.1,0.1 0.2,0.1 0.1,0.1 -0.1,0 -0.1,0 -0.1,0 0,0 0,0 0,0 0,0 0.1,0 0.1,0.1 0,0 0,0.1 0,0.1 0,0 0,0.1 -0.1,0.1 0,0 0,0.1 0.1,0.1 l -0.1,3.4 v 2.9 1.3 c 0,0.1 -0.1,0.1 -0.1,0.1 -0.1,0 -0.1,0 -0.1,0.1 0,0 0,0 0,0.1 0,0 -0.1,0 -0.1,0 -0.1,0 -0.1,0.1 -0.1,0.1 h 2.5 c 0,-0.1 0,-0.1 -0.1,-0.1 z"
         inkscape:connector-curvature="0"
         style="fill:#ffffff"
         id="path3093" /><path
         d="m 944.3,59.2 c -0.1,0 -0.1,0 -0.1,0 0,0 0,0 0,-0.1 0,0 0,0 -0.1,-0.1 -0.1,0 -0.1,-0.1 -0.1,-0.1 v -1.3 -2.8 l -0.1,-3.4 c 0.1,0 0.1,-0.1 0.1,-0.1 0,0 -0.1,0 -0.1,-0.1 0,0 0,-0.1 0,-0.1 0,0 0.1,-0.1 0.1,-0.1 0,0 0,0 0,0 0,0 -0.1,0 -0.1,0 -0.1,0 0,-0.1 0.1,-0.1 0.1,-0.1 0.2,-0.1 0.3,-0.1 0.1,0 0.1,0 0,0 0,0 0,-0.1 0,-0.1 0,0 0.1,-0.1 0,-0.1 0,0 0,-0.1 -0.1,-0.1 0,0 0,-0.1 0,-0.1 0.1,0 0.1,0 0.2,-0.1 h -2.6 c 0.1,0.1 0.1,0.1 0.2,0.1 0.1,0 0.1,0 0,0.1 0,0 -0.1,0.1 -0.1,0.1 0,0 0,0.1 0,0.1 0,0 0,0.1 0,0.1 0,0 0,0 0,0 0.1,0 0.1,0 0.3,0.1 0.1,0.1 0.2,0.1 0.1,0.1 -0.1,0 -0.1,0 -0.1,0 0,0 0,0 0,0 0,0 0.1,0 0.1,0.1 0,0 0,0.1 0,0.1 0,0 0,0.1 -0.1,0.1 0,0 0,0.1 0.1,0.1 l -0.1,3.4 v 2.9 1.3 c 0,0.1 -0.1,0.1 -0.1,0.1 -0.1,0 -0.1,0 -0.1,0.1 0,0 0,0 0,0.1 0,0 -0.1,0 -0.1,0 -0.1,0 -0.1,0.1 -0.1,0.1 h 2.5 c 0,-0.1 0,-0.1 -0.1,-0.1 z"
         inkscape:connector-curvature="0"
         style="fill:#ffffff"
         id="path3095" /><path
         d="m 939.9,59.2 c -0.1,0 -0.1,0 -0.1,0 0,0 0,0 0,-0.1 0,0 0,0 -0.1,-0.1 -0.1,0 -0.1,-0.1 -0.1,-0.1 v -1.3 -2.8 l -0.1,-3.4 c 0.1,0 0.1,-0.1 0.1,-0.1 0,0 -0.1,0 -0.1,-0.1 0,0 0,-0.1 0,-0.1 0,0 0.1,-0.1 0.1,-0.1 0,0 0,0 0,0 0,0 -0.1,0 -0.1,0 -0.1,0 0,-0.1 0.1,-0.1 0.1,-0.1 0.2,-0.1 0.3,-0.1 0.1,0 0.1,0 0,0 0,0 0,-0.1 0,-0.1 0,0 0.1,-0.1 0,-0.1 0,0 0,-0.1 -0.1,-0.1 0,0 0,-0.1 0.1,-0.1 0.1,0 0.1,0 0.2,-0.1 h -1.2 -0.9 -0.5 0 c 0.1,0.1 0.1,0.1 0.2,0.1 0.1,0 0.1,0 0,0.1 0,0 -0.1,0.1 -0.1,0.1 0,0 0,0.1 0,0.1 0,0 0,0.1 0,0.1 0,0 0,0 0,0 0.1,0 0.1,0 0.3,0.1 0.1,0.1 0.2,0.1 0.1,0.1 -0.1,0 -0.1,0 -0.1,0 0,0 0,0 0,0 0,0 0.1,0 0.1,0.1 0,0 0,0.1 0,0.1 0,0 0,0.1 -0.1,0.1 0,0 0,0.1 0.1,0.1 l -0.1,3.4 v 2.9 1.3 c 0,0.1 -0.1,0.1 -0.1,0.1 -0.1,0 -0.1,0 -0.1,0.1 0,0 0,0 0,0.1 0,0 -0.1,0 -0.1,0 -0.1,0 -0.1,0.1 -0.1,0.1 h 2.5 c 0,-0.1 0,-0.1 -0.1,-0.1 z"
         inkscape:connector-curvature="0"
         style="fill:#ffffff"
         id="path3097" /><path
         d="m 961.9,59.2 c -0.1,0 -0.1,0 -0.1,0 0,0 0,0 0,-0.1 0,0 0,0 -0.1,-0.1 -0.1,0 -0.1,-0.1 -0.1,-0.1 v -1.3 -2.8 l -0.1,-3.4 c 0.1,0 0.1,-0.1 0.1,-0.1 0,0 -0.1,0 -0.1,-0.1 0,0 0,-0.1 0,-0.1 0,0 0.1,-0.1 0.1,-0.1 0,0 0,0 0,0 0,0 -0.1,0 -0.1,0 -0.1,0 0,-0.1 0.1,-0.1 0.1,-0.1 0.2,-0.1 0.3,-0.1 0.1,0 0.1,0 0,0 0,0 0,-0.1 0,-0.1 0,0 0.1,-0.1 0,-0.1 0,0 0,-0.1 -0.1,-0.1 0,0 0,-0.1 0,-0.1 0.1,0 0.1,0 0.2,-0.1 h -2.6 c 0.1,0.1 0.1,0.1 0.2,0.1 0.1,0 0.1,0 0,0.1 0,0 -0.1,0.1 -0.1,0.1 0,0 0,0.1 0,0.1 0,0 0,0.1 0,0.1 0,0 0,0 0,0 0.1,0 0.1,0 0.3,0.1 0.1,0.1 0.2,0.1 0.1,0.1 -0.1,0 -0.1,0 -0.1,0 0,0 0,0 0,0 0,0 0.1,0 0.1,0.1 0,0 0,0.1 0,0.1 0,0 0,0.1 -0.1,0.1 0,0 0,0.1 0.1,0.1 l -0.1,3.4 v 2.9 1.3 c 0,0.1 -0.1,0.1 -0.1,0.1 -0.1,0 -0.1,0 -0.1,0.1 0,0 0,0 0,0.1 0,0 -0.1,0 -0.1,0 -0.1,0 -0.1,0.1 -0.1,0.1 h 2.5 c 0,-0.1 0,-0.1 -0.1,-0.1 z"
         inkscape:connector-curvature="0"
         style="fill:#ffffff"
         id="path3099" /><path
         d="m 962.7,60.2 v -0.3 l -0.1,-0.2 h -0.3 V 59.5 H 962 v -0.1 -0.1 h 0 -1.8 -1.4 -1.8 -1.4 -1.8 -1.4 -1.8 -1.4 -1.8 -1.4 -1.8 -1.4 -1.8 -1.4 -1.8 l 0,0 v 0.1 0 h -0.3 v 0.2 h -0.3 l -0.1,0.2 v 0.3 h -0.4 c 0,0.1 0,0.1 0,0.1 0,0 0,0 0,0.1 0,0 0,0.1 0,0.1 0,0 0.1,0 0.1,0 0,0 0,0.1 0,0.1 v 3.1 h 13.1 13.1 v -3.1 c 0,-0.1 0,-0.1 0,-0.1 0,0 0,0 0.1,0 0,0 0,0 0,-0.1 0,0 0,-0.1 0,-0.1 0,0 0,-0.1 0,-0.1 h -0.5 z"
         inkscape:connector-curvature="0"
         style="fill:#ffffff"
         id="path3101" /><path
         d="m 939.4,50.2 h 1.4 1.9 1.4 1.9 0.7 0.7 1.9 1.4 1.9 1.4 1.9 1.4 1.9 1.4 1.5 0.1 c 0,-0.1 0,-0.2 0,-0.2 0,0 0,0 0,-0.1 0,0 0,-0.1 0,-0.1 0,-0.1 0,-0.1 0,-0.1 0,0 0.1,0 0.1,0 0,0 0,0 0,0 0,0 0,0 0,0 0,0 -0.1,0 -0.1,0 0,0 0,-0.1 0,-0.3 0,-0.2 0,-0.3 0,-0.3 0,0 0,-0.1 0.1,-0.1 0,0 0.1,0 0.1,0 0,0 0.1,0 0.1,-0.1 0,-0.1 0,-0.1 0,-0.1 0,-0.1 0,-0.1 0.1,-0.1 0,0 0.1,0 0.1,0 0,0 0.1,0 0.1,0 0,0 0,0 0,-0.1 0,0 0,-0.1 0,-0.1 0,0 0,-0.1 0,-0.1 0,0 0,0 0,-0.1 0,0 0,-0.1 0,-0.1 0,0 0.1,0 0.1,0 0,0 0.1,0 0.1,-0.1 l -12.7,-2.6 -12.7,2.6 c 0,0.1 0,0.1 0.1,0.1 0,0 0.1,0 0.1,0 0,0 0,0 0,0.1 0,0 0,0.1 0,0.1 0,0 0,0 0,0.1 0,0 0,0.1 0,0.1 0,0 0,0.1 0,0.1 0,0 0,0 0.1,0 0,0 0.1,0 0.1,0 0,0 0.1,0 0.1,0.1 0,0.1 0,0.1 0,0.1 0,0.1 0,0.1 0.1,0.1 0,0 0.1,0 0.1,0 0,0 0.1,0.1 0.1,0.1 0,0 0,0.1 0,0.3 0,0.2 0,0.3 0,0.3 0,0 0,0 -0.1,0 0,0 0,0 0,0 0,0 0,0 0,0 0,0 0,0 0.1,0 0,0 0,0.1 0,0.1 0,0 0,0.1 0,0.1 0,0 0,0.1 0,0.1 0,0 0,0.1 0,0.2 h 0.6 0.9 z"
         inkscape:connector-curvature="0"
         style="fill:#ffffff"
         id="path3103" /><path
         d="M 937.8,50.2"
         inkscape:connector-curvature="0"
         style="fill:#ffffff;stroke:#000000;stroke-width:0.084;stroke-linecap:round;stroke-linejoin:round"
         id="path3105" /></g></g><g
     id="g3107"
     clip-path="url(#clipPath3139)"
     transform="matrix(0.73955595,0,0,0.73955595,-892.13965,-44.882326)"><g
       id="g3109"><path
         d="m 1242.1,85.9 c 0,0 -10.9,-2.3 -10.9,-2.3 0,0 -10.8,2.3 -10.9,2.3 -0.1,0 0,0.1 0,0.1 l 0.1,0.6 0,0 0,0 c 0,0 0.2,0 0.3,0.1 l 0.2,0.9 c 0,0 0,0.1 0.1,0.1 0.1,0 0.4,0 0.4,0 h 19.7 c 0,0 0.3,0 0.4,0 0.1,0 0.1,0 0.1,0 l 0.2,-0.9 c 0.1,-0.2 0.3,-0.2 0.3,-0.2 l 0,0 0,0 0.1,-0.6 c 0,0 0,0 0,-0.1 z"
         inkscape:connector-curvature="0"
         style="fill:#ffffff"
         id="path3111" /><path
         d="m 1241,87.9 c 0,0 0,0 0,0 v -0.3 c 0,0 0,0 0,0 h -1.7 c 0,0 0,0 0,0 v 0.3 c 0,0 0,0 0,0 l 0.1,0 c 0,0 0,0 0,0.1 0,0 0,0.3 0.2,0.4 0,0 0,0.1 0,0.1 0,0 0,0 -0.1,0 0,0 0,0 0,0 0,0 0,0.1 0,0.1 0,0 0,0.1 0,0.1 0,0 0,0 0,0 0,0 0,0 0,0 0,0 0,0 0,0 0,0 0,0 0,0 v 6.1 c 0,0 -0.1,0.1 -0.1,0.1 0,0 0,0 0,0 V 95 c 0,0 0,0 0,0 0,0 0,0 0,0 h -0.1 c 0,0 0,0 0,0 0,0 0,0.2 0,0.2 h 1.6 c 0,0 0,-0.2 0,-0.2 0,0 0,0 0,0 h -0.1 c 0,0 0,0 0,0 0,0 0,0 0,0 v 0 c 0,0 0,0 0,0 0,0 -0.1,-0.1 -0.1,-0.1 v -6.1 c 0,0 0,0 0,0 0,0 0,0 0,0 0,0 0,0 0,0 0,0 0,0 0,0 0,0 0,-0.1 0,-0.1 0,0 0,-0.1 0,-0.1 0,0 0,0 0,0 0,0 0,0 0,0 0,0 -0.1,-0.1 0,-0.1 0.2,-0.1 0.2,-0.3 0.2,-0.4 0,0 0,-0.1 0,-0.1 l 0.1,0 z"
         inkscape:connector-curvature="0"
         style="fill:#ffffff"
         id="path3113" /><path
         d="m 1237.4,87.9 c 0,0 0,0 0,0 v -0.3 c 0,0 0,0 0,0 h -1.7 c 0,0 0,0 0,0 v 0.3 c 0,0 0,0 0,0 l 0.1,0 c 0,0 0,0 0,0.1 0,0 0,0.3 0.2,0.4 0,0 0,0.1 0,0.1 0,0 0,0 -0.1,0 0,0 0,0 0,0 0,0 0,0.1 0,0.1 0,0 0,0.1 0,0.1 0,0 0,0 0,0 h 0 c 0,0 0,0 0,0 0,0 0,0 0,0 v 6.1 c 0,0 -0.1,0.1 -0.1,0.1 0,0 0,0 0,0 V 95 c 0,0 0,0 0,0 0,0 0,0 0,0 h -0.1 c 0,0 0,0 0,0 0,0 0,0.2 0,0.2 h 1.6 c 0,0 0,-0.2 0,-0.2 0,0 0,0 0,0 h -0.1 c 0,0 0,0 0,0 0,0 0,0 0,0 v 0 c 0,0 0,0 0,0 0,0 -0.1,-0.1 -0.1,-0.1 v -6.1 c 0,0 0,0 0,0 0,0 0,0 0,0 0,0 0,0 0,0 0,0 0,0 0,0 0,0 0,-0.1 0,-0.1 0,0 0,-0.1 0,-0.1 0,0 0,0 0,0 0,0 0,0 0,0 0,0 -0.1,-0.1 0,-0.1 0.2,-0.1 0.2,-0.3 0.2,-0.4 0,0 0,-0.1 0,-0.1 l 0.1,0 z"
         inkscape:connector-curvature="0"
         style="fill:#ffffff"
         id="path3115" /><path
         d="m 1233.9,87.9 c 0,0 0,0 0,0 v -0.3 c 0,0 0,0 0,0 h -1.7 c 0,0 0,0 0,0 v 0.3 c 0,0 0,0 0,0 l 0.1,0 c 0,0 0,0 0,0.1 0,0 0,0.3 0.2,0.4 0,0 0,0.1 0,0.1 0,0 0,0 -0.1,0 0,0 0,0 0,0 0,0 0,0.1 0,0.1 0,0 0,0.1 0,0.1 0,0 0,0 0,0 0,0 0,0 0,0 0,0 0,0 0,0 0,0 0,0 0,0 v 6.1 c 0,0 -0.1,0.1 -0.1,0.1 0,0 0,0 0,0 V 95 c 0,0 0,0 0,0 0,0 0,0 0,0 h -0.1 c 0,0 0,0 0,0 0,0 0,0.2 0,0.2 h 1.6 c 0,0 0,-0.2 0,-0.2 0,0 0,0 0,0 h -0.1 c 0,0 0,0 0,0 0,0 0,0 0,0 v 0 c 0,0 0,0 0,0 0,0 -0.1,-0.1 -0.1,-0.1 v -6.1 c 0,0 0,0 0,0 0,0 0,0 0,0 0,0 0,0 0,0 0,0 0,0 0,0 0,0 0,-0.1 0,-0.1 0,0 0,-0.1 0,-0.1 0,0 0,0 0,0 0,0 0,0 -0.1,0 0,0 -0.1,-0.1 0,-0.1 0.1,-0.1 0.2,-0.3 0.2,-0.4 0,0 0,-0.1 0,-0.1 l 0.1,0 z"
         inkscape:connector-curvature="0"
         style="fill:#ffffff"
         id="path3117" /><path
         d="m 1230.3,87.9 c 0,0 0,0 0,0 v -0.3 c 0,0 0,0 0,0 h -1.7 c 0,0 0,0 0,0 v 0.3 c 0,0 0,0 0,0 l 0.1,0 c 0,0 0,0 0,0.1 0,0 0,0.3 0.2,0.4 0,0 0,0.1 0,0.1 0,0 0,0 -0.1,0 0,0 0,0 0,0 0,0 0,0.1 0,0.1 0,0 0,0.1 0,0.1 0,0 0,0 0,0 0,0 0,0 0,0 0,0 0,0 0,0 0,0 0,0 0,0 v 6.1 c 0,0 -0.1,0.1 -0.1,0.1 0,0 0,0 0,0 V 95 c 0,0 0,0 0,0 0,0 0,0 0,0 h -0.1 c 0,0 0,0 0,0 0,0 0,0.2 0,0.2 h 1.6 c 0,0 0,-0.2 0,-0.2 0,0 0,0 0,0 h -0.1 c 0,0 0,0 0,0 0,0 0,0 0,0 v 0 c 0,0 0,0 0,0 0,0 -0.1,-0.1 -0.1,-0.1 v -6.1 c 0,0 0,0 0,0 0,0 0,0 0,0 0,0 0,0 0,0 0,0 0,0 0,0 0,0 0,-0.1 0,-0.1 0,0 0,-0.1 0,-0.1 0,0 0,0 0,0 0,0 0,0 0,0 0,0 -0.1,-0.1 0,-0.1 0.2,-0.1 0.2,-0.3 0.2,-0.4 0,0 0,-0.1 0,-0.1 l 0.1,0 z"
         inkscape:connector-curvature="0"
         style="fill:#ffffff"
         id="path3119" /><path
         d="m 1226.7,87.9 c 0,0 0,0 0,0 v -0.3 c 0,0 0,0 0,0 h -1.7 c 0,0 0,0 0,0 v 0.3 c 0,0 0,0 0,0 l 0.1,0 c 0,0 0,0 0,0.1 0,0 0,0.3 0.2,0.4 0,0 0,0.1 0,0.1 0,0 0,0 -0.1,0 0,0 0,0 0,0 0,0 0,0.1 0,0.1 0,0 0,0.1 0,0.1 0,0 0,0 0,0 0,0 0,0 0,0 0,0 0,0 0,0 0,0 0,0 0,0 v 6.1 c 0,0 -0.1,0.1 -0.1,0.1 0,0 0,0 0,0 V 95 c 0,0 0,0 0,0 0,0 0,0 0,0 h -0.1 c 0,0 0,0 0,0 0,0 0,0.2 0,0.2 h 1.6 c 0,0 0,-0.2 0,-0.2 0,0 0,0 0,0 h -0.1 c 0,0 0,0 0,0 0,0 0,0 0,0 v 0 c 0,0 0,0 0,0 0,0 -0.1,-0.1 -0.1,-0.1 v -6.1 c 0,0 0,0 0,0 0,0 0,0 0,0 0,0 0,0 0,0 0,0 0,0 0,0 0,0 0,-0.1 0,-0.1 0,0 0,-0.1 0,-0.1 0,0 0,0 0,0 0,0 0,0 -0.1,0 0,0 -0.1,-0.1 0,-0.1 0.2,-0.1 0.2,-0.3 0.2,-0.4 0,0 0,-0.1 0,-0.1 l 0.1,0 z"
         inkscape:connector-curvature="0"
         style="fill:#ffffff"
         id="path3121" /><path
         d="m 1223.2,87.9 c 0,0 0,0 0,0 v -0.3 c 0,0 0,0 0,0 h -1.7 c 0,0 0,0 0,0 v 0.3 c 0,0 0,0 0,0 l 0.1,0 c 0,0 0,0 0,0.1 0,0 0,0.3 0.2,0.4 0,0 0,0.1 0,0.1 0,0 0,0 -0.1,0 0,0 0,0 0,0 0,0 0,0.1 0,0.1 0,0 0,0.1 0,0.1 0,0 0,0 0,0 h 0 c 0,0 0,0 0,0 0,0 0,0 0,0 v 6.1 c 0,0 -0.1,0.1 -0.1,0.1 0,0 0,0 0,0 V 95 c 0,0 0,0 0,0 0,0 0,0 0,0 h -0.1 c 0,0 0,0 0,0 0,0 0,0.2 0,0.2 h 1.6 c 0,0 0,-0.2 0,-0.2 0,0 0,0 0,0 h -0.1 c 0,0 0,0 0,0 0,0 0,0 0,0 v 0 c 0,0 0,0 0,0 0,0 -0.1,-0.1 -0.1,-0.1 v -6.1 c 0,0 0,0 0,0 0,0 0,0 0,0 0,0 0,0 0,0 0,0 0,0 0,0 0,0 0,-0.1 0,-0.1 0,0 0,-0.1 0,-0.1 0,0 0,0 0,0 0,0 0,0 -0.1,0 0,0 -0.1,-0.1 0,-0.1 0.1,-0.1 0.2,-0.3 0.2,-0.4 0,0 0,-0.1 0,-0.1 l 0.1,0 z"
         inkscape:connector-curvature="0"
         style="fill:#ffffff"
         id="path3123" /><g
         id="g3125"><path
           d="m 1236.3,81.4 c 0,0 -0.1,0 -0.2,0 0,0 0,0 0,0 0,0 0,-0.1 0,-0.2 0,0 0,0 0,0 0,0 -0.1,0 -0.2,0 0,0 0,0 0,0 V 81 c 0,0 0,0 0,0 0,0 -0.1,0 -0.1,0 0,0 -0.1,0 -0.1,-0.1 0,-0.2 0.1,-1.9 -0.8,-3 -0.7,-1 -1.6,-1.5 -2.1,-1.8 0,-0.2 -0.3,-0.3 -0.5,-0.4 -0.1,0 -0.1,-0.1 -0.1,-0.1 0,0 0,-0.1 0,-0.1 0,-0.1 0.1,-0.1 0.2,-0.1 0,0 0.1,0 0.1,0 v -0.2 c 0,0 0,-0.1 -0.1,-0.1 -0.1,0 -0.1,0 -0.2,0 0,0 -0.1,0 -0.1,-0.1 0,0 0,0 0,-0.1 0,-0.1 0,-0.1 -0.1,-0.1 v -1.2 c 0,0 0,0 0.1,0 0,0 0,0 0,0 h 0 c 0,0 0,0 0,0 v -0.1 c 0,0 0,0 0,0 h -0.1 c 0,0 0,0 0,-0.1 0,-0.1 0,-0.1 0,-0.1 h 0 c 0,0 0,0 0,0 v -0.2 c 0,0 0,0 0,0 h -0.1 c 0,0 0,0 -0.1,0 -0.2,-0.2 -0.4,-0.4 -0.4,-0.4 0,0 0,0 0,0 0,0 0,-0.1 -0.1,-0.1 -0.1,0 0,-0.1 0,-0.1 0,0 0,0 0,0 0,0 0,0 0,-0.1 0,0 -0.1,-0.2 -0.1,-0.2 h 0 c 0,0 -0.1,0.1 -0.1,0.2 0,0 0,0.1 0,0.1 0,0 0,0 0,0 0,0 0,0.1 0,0.1 -0.1,0 -0.1,0 -0.1,0.1 0,0 0,0 0,0 0,0 -0.2,0.3 -0.4,0.4 0,0 0,0 -0.1,0 h -0.1 c 0,0 0,0 0,0 v 0.1 c 0,0 0,0 0,0 h 0 c 0,0 0,0 0,0.1 0,0.1 0,0.1 0,0.1 h -0.1 c 0,0 0,0 0,0 v 0.1 c 0,0 0,0 0,0 h 0 c 0,0 0,0 0,0 0,0 0.1,0 0.1,0 v 1.2 c 0,0 -0.1,0.1 -0.1,0.1 0,0.1 0,0.1 0,0.1 0,0 0,0.1 -0.1,0.1 0,0 -0.1,0 -0.2,0 0,0 -0.1,0 -0.1,0.1 v 0.2 c 0,0 0,0 0.1,0 0.1,0 0.2,0 0.2,0.1 0,0 0,0.1 0,0.1 0,0.1 -0.1,0.1 -0.1,0.1 -0.1,0 -0.4,0.1 -0.5,0.4 -0.5,0.2 -1.5,0.8 -2.1,1.8 -0.9,1.2 -0.8,2.8 -0.8,3 0,0 0,0.1 -0.1,0.1 0,0 -0.1,0 -0.1,0 0,0 0,0 0,0 v 0.2 c 0,0 0,0 0,0 0,0 -0.2,0 -0.2,0 0,0 0,0 0,0 0,0 0,0.2 0,0.2 0,0 0,0 0,0 0,0 -0.2,0 -0.2,0 0,0 0,0 0,0 0,0 0,0.1 0,0.2 0,0 0,0 0,0 0.1,0 0.2,0.1 0.2,0.2 0,0.2 0.1,0.2 0.2,0.2 v 0.7 c 0,0.2 -0.1,0.2 -0.2,0.2 0,0 0,0 0,0 0,0 0,0.7 0,0.7 l 5,-1.1 h 0 l 5,1.1 c 0,0 0,-0.7 0,-0.7 0,0 0,0 0,0 -0.1,0 -0.2,-0.1 -0.2,-0.2 v -0.7 c 0,0 0.2,0 0.2,-0.2 0,-0.1 0.1,-0.2 0.2,-0.2 0,0 0,0 0,0 0,-0.1 0,-0.2 0,-0.2 0,0 0,0 0,0 z"
           inkscape:connector-curvature="0"
           style="fill:#ffffff"
           id="path3127" /></g><polygon
         points="1242.7,97.4 1241.8,97.4 1241.8,95.9 1241,95.9 1241,95.3 1221.5,95.3 1221.5,95.9 1220.7,95.9 1220.7,97.4 1219.8,97.4 1219.8,98.8 1242.7,98.8 "
         style="fill:#ffffff"
         id="polygon3129" /></g></g></svg>